10101  94  87  84  90  71
10102  64  61  87 100  60
10103  89  96  82  80  81
10104  65  67  77  77  96
10105  82  83  82  73  60
10106  86  62  89  89  89
10107 100  95  66  65  71
10108  62  86  72  79  79
10109  83  81  68  98  91
10110  85  81  78  84  89
10111  96  88  81  68  89
10112  83  87  93  69  85
10113  90  89  96  96  62
10114  72  82  88  73  73
10115  97  75  66  63  83
10116  79  65 100  88  72
10117  73  80  75  87  89
10118  95  93  70  94  88
10119  77  71  80  91  93
10120  70  82  87  80  87
10121  84  93  86  99  90
10122  98  80 100  84  92
10123  98  67  80  86  60
10124  97  78  78  78  71
10125  72  76 100  95  74
10126 100  66  83  69  80
10127  99  70  76  78  81
10128  92  66  85  84  68
10129  87  99  80  85  80
10130  87  98  94  74  94
10131  64  72  71  67  60
10132  95  64  68  99  98
10133  74  89  81  98  94
10201  64  61  89  70  90
10202  96  64  98  64  68
10203  81  73  70  96  90
10204  96  87  61  66  69
10205  62  83  92  77  73
10206  92  67  70  68  95
10207  70  65  65  74  88
10208  81  73  83  81  63
10209  87  72  94  81  95
10210  78  80  74  84  78
10211  61  72  86  60  62
10212  79  63  68  86  88
10213  95  92  94  62  66
10214  76  60  71 100  82
10215  64  73  74  88  60
10216  69  96  92  93 100
10217  97  63  66  99  96
10218  81  75  92 100  89
10219  91  76  92  94  61
10220  85  90  94  99  94
10221  90  99  71  87  96
10222  85  85  71  78  85
10223  60  84  79  74  79
10224  76  71  78  78  80
10225  65  80  74  84  79
10226  78  67  94  83  98
10227  86  79  74  63  83
10301  66  99  96  80  73
10302  69  81  90  98  76
10303  64  96  66  75  92
10304  63  81  71  74  65
10305  62  78  61  73  78
10306  96  89  60  79  94
10307  91  76  72  75  69
10308  89  88  66  65  87
10309  95  90  85  70  98
10310  70  91  73  98  62
10311  75  87  87  70  93
10312  81  96 100  72  90
10313  95  63  71  70  61
10314  92  88  77  93  90
10315  72  87  81  68  99
10316  68  91  98  82  72
10317  68  88  68  95  98
10318  65  95  97  74  61
10319  83  89  69  82 100
10320  74 100  72  74  72
10321  63  60  88  83  73
10322  87  92  69  73  86
10323  72  72  73  66  64
10324  96  84  61  62  75
10325  74  84  87  89  78
10326  77  87  65  72  73
10327  65  64 100  74  77
10328  64  93  63  88  79
10401  61  72  61  92  92
10402  81  93  75  68  85
10403  84  85  98  93  86
10404  71  86  63  85  94
10405  76  88  76  75  75
10406  99  84  69  81 100
10407  63  81  86  74  68
10408  95  69  99  87  60
10409  95  96  75  84  81
10410  84  71  75  69  64
10411  79  78  73  71  72
10412  94  92  63  67 100
10413  68  72  94  65  90
10414  75  79  81  94  72
10415  93  62  65  64  62
10416 100  75  72  85  98
10417  68  64  72  92  89
10418  67  96  86  70  83
10419  79  82  72  83  75
10420  76  62  69  88  60
10421  90  66  95  75  61
10422  77  85  71  69  67
10423  64  82  94  92  71
10424  99  64  72  97  61
10425  78  83  78  75  95
10426  72  96  78  77  87
10427  67  74  96  77  62
10428  82  67  76  80  87
10429 100  73  90  68 100
10430  85  63  82  89 100
10431  63  73  66  90  75
10432  76  94  80  87  94
10501  68  71  98  89  90
10502  62  79  86  85  89
10503  71  85  95  93  91
10504  67  89  95  77  95
10505  80  78  93  72  82
10506  71  73  90  73  92
10507  85  65  78  66  82
10508  69  70 100  76  95
10509  87  74  65  63  82
10510  61  64  73  76  70
10511  85  79  83  81  69
10512  88  84  77  83  87
10513  66  82  99  98  92
10514  93  94  95  88  63
10515  78  90  70  80  94
10516  85  82  65  85  92
10517  96  91  71  81  94
10518  60  83  66  76  82
10519  62  98  79  96  73
10520  79  86  77  72  87
10521  95  91  97  68  96
10522  62  94  92  69  76
10523  99  90  64  79  88
10524 100  95  88  85  79
10525  96  91  68  95  81
10526  90  85  77  62  86
10527  75  99  95  74  84
10528  76  84  69  92  63
10529  95  63  98  83  96
10530  93  95  61  75  66
10531  83  90  68  61  86
10532  85  67  82  72  81
10601  90  77  70  84  69
10602  94  97  68  81  62
10603  75  79  96  99  82
10604  79  71  88  90  83
10605  73  89  94  97  65
10606  71  91  99  87  89
10607  96  82  84  89  96
10608  79  87  96  88  87
10609  97  95 100  97  97
10610  94  95  73  90  87
10611  75  71  90  78  87
10612  94  96  89  83  67
10613  65  74  95  85  88
10614  63  71  82  77  80
10615  70  88  80  69  91
10616  72  75  90  62  97
10617  65  73 100  63  90
10618  73  66  81  63  65
10619  76  78  70  72  96
10620  72  68  70  90  64
10621  77  93  98  91  69
10622  95  66  65  81  65
10623  84  76  68 100  87
10624  86  71  69  88  88
10625  76  76  60  87  61
10626  61  82  93  96  73
10627  90  72  65  78  72
10628  67  95  85  79  85
10629  96  78  94  86  73
